0.49922901392
0.99845802784
1.50929701328
2.00852608681
2.51936507225
3.01859402657
3.51782298088
4.01705217361
4.51628112793
5.01551008224
5.51473903656
6.01396799088
6.51319694519
7.01242637634
7.52326536179
8.0224943161
8.52172279358
9.0093421936
9.50857162476
10.0078001022
10.5186395645
11.0062580109
11.5170974731
12.0163259506
12.5155553818
13.0031747818
13.5140132904
14.0016326904
14.512471199
15.0000905991
15.5109291077
16.0217685699
16.50938797
16.99700737
17.5078449249
18.0070743561
18.5179138184
19.0171432495
19.5163707733
20.0156002045
20.5148296356
21.0140590668
21.5132884979
22.0125160217
22.523355484
23.010974884
23.5218143463
24.0210418701
24.5202713013
25.0078907013
25.5187301636
26.0063495636
26.5171871185
27.0048065186
27.5156459808
28.014875412
28.5141029358
29.0017223358
29.5125617981
30.0001811981
30.5110206604
30.9986381531
31.5094776154
32.0203170776
32.5079345703
32.9955558777
33.5063934326
34.0172348022
34.5164604187
35.0156898499
35.514919281
36.0141487122
36.5133781433
37.0126075745
37.5234451294
38.0110664368
38.5219039917
39.0095214844
39.520362854
40.0195922852
40.5188217163
41.006439209
41.5172767639
42.0048980713
42.5157356262
43.0033569336
43.5141944885
44.0250320435
44.5126533508
45.0002708435
45.5111083984
45.9987297058
46.5095672607
46.9971885681
47.508026123
48.018863678
48.5180931091
49.0173225403
49.5165519714
50.0157814026
50.5150108337
51.0142402649
51.513469696
52.0126991272
52.5119247437
53.0111541748
53.5219955444
54.0096130371
54.5204544067
55.0080718994
55.5189094543
56.029750824
56.5173683167
57.0049858093
57.515827179
58.0034446716
58.5142860413
59.0019035339
59.5127410889
60.0235824585
60.5111999512
60.9988212585
61.5096588135
61.9972763062
62.5081176758
63.0073471069
63.5181846619
64.0174102783
64.5166397095
65.0158691406
65.5150985718
66.0143280029
66.5135574341
67.0127868652
67.5236282349
68.022857666
68.5220870972
69.0097045898
69.5205459595
70.0081634521
70.5189971924
71.0066223145
71.5174560547
72.0282974243
72.515914917
73.0035324097
73.5143737793
74.001991272
74.5128326416
75.0004501343
75.5112915039
76.0105209351
76.5097503662
76.9973678589
77.5082092285
78.0074386597
78.5182723999
79.0175018311
79.5167312622
80.0159606934
80.5151901245
81.0144195557
81.5136489868
82.012878418
82.5121078491
83.0113372803
83.5221786499
84.0214080811
84.5206298828
85.0082550049
85.5190887451
86.0067138672
86.5175476074
87.0051651001
87.5160064697
88.0268478394
88.514465332
89.0020828247
89.5129241943
90.000541687
90.5113830566
90.9990005493
91.5098419189
92.0206756592
92.5083007812
92.9959182739
93.5067520142
94.0059814453
94.5168228149
95.0160522461
95.5152816772
96.0145111084
96.5137405396
97.0129699707
97.5121994019
98.011428833
98.5222625732
99.0098876953
99.5207214355
100.019950867
100.519180298
101.006797791
101.51763916
102.005256653
102.516098022
103.003715515
103.514556885
104.013786316
104.513015747
105.00063324
105.511474609
105.999092102
106.509933472
106.997550964
107.508384705
108.019226074
108.518455505
109.017684937
109.516914368
110.016143799
110.51537323
111.014602661
111.513832092
112.013061523
112.512290955
113.011520386
113.522354126
114.009971619
114.520812988
115.008430481
115.519271851
116.018501282
116.517730713
117.005348206
117.516189575
118.003807068
118.514648438
119.00226593
119.5131073
120.012336731
120.511566162
120.999183655
121.510017395
121.997642517
122.508476257
123.007705688
123.518547058
124.017776489
124.51700592
125.016235352
125.515464783
126.014694214
126.513923645
127.013153076
127.512374878
128.011611938
128.522445679
129.010070801
129.509292603
130.008529663
130.519363403
131.006988525
131.517822266
132.028656006
132.516281128
133.003890991
133.51473999
134.002349854
134.513198853
135.000808716
135.511657715
136.022491455
136.510116577
136.99772644
137.508575439
138.007797241
138.518630981
139.017868042
139.517089844
140.016326904
140.515548706
141.014785767
141.514007568
142.013244629
142.524078369
143.011703491
143.522537231
144.021759033
144.520996094
145.008621216
145.519454956
146.007064819
146.517913818
147.005523682
147.516372681
148.027206421
148.514831543
149.002441406
149.513290405
150.000900269
150.511749268
150.999359131
151.51020813
152.02104187
152.520263672
153.019500732
153.518722534
154.017959595
154.517181396
155.016418457
155.515640259
156.014877319
156.514099121
157.013336182
157.512557983
158.011795044
158.522628784
159.010253906
159.521087646
160.020309448
160.519546509
161.007156372
161.518005371
162.005615234
162.516464233
163.004074097
163.514923096
164.025756836
164.513381958
165.000991821
165.51184082
165.999450684
166.510284424
166.997909546
167.508743286
168.019592285
168.518814087
169.018051147
169.517272949
170.01651001
170.515731812
171.014968872
171.525802612
172.013427734
172.524261475
173.011871338
173.522720337
174.0103302
174.521179199
175.008789062
175.508026123
175.995635986
176.494873047