0.603718817234
1.21904754639
1.82276642323
2.41487526894
3.01859402657
3.62231278419
4.21442174911
4.81814050674
5.42185926437
6.025578022
6.6176867485
7.22140598297
7.8251247406
8.4172334671
9.02095222473
9.62467098236
10.2167797089
10.8204984665
11.4242172241
12.0279359818
12.6200447083
13.2237634659
13.8158731461
14.4195919037
15.0233106613
15.6154193878
16.2191371918
16.8228569031
17.4149665833
18.0186843872
18.6224040985
19.2261219025
19.8182315826
20.4219493866
21.0256690979
21.6177768707
22.221496582
22.825214386
23.4173240662
24.0210418701
24.6247615814
25.2284793854
25.8205890656
26.4243087769
27.0280265808
27.620136261
28.2238540649
28.8275737762
29.4196815491
30.0234012604
30.6155090332
31.2192287445
31.8229465485
32.4266662598
33.0187759399
33.6224937439
34.2262115479
34.818321228
35.422039032
36.0257606506
36.6294784546
37.2215881348
37.8253059387
38.4290237427
39.0211334229
39.6248512268
40.2285690308
40.8206787109
41.4243965149
42.0281181335
42.6202278137
43.2239456177
43.8276634216
44.4197731018
45.0234909058
45.6272087097
46.2193183899
46.8230361938
47.4267578125
48.018863678
48.6225852966
49.2263031006
49.8184127808
50.4221305847
51.0258483887
51.6179580688
52.2216758728
52.8253974915
53.4291152954
54.0212249756
54.6249427795
55.2170524597
55.8207702637
56.4244880676
57.0282058716
57.6203155518
58.2240333557
58.8161430359
59.4198646545
60.0235824585
60.6273002625
61.2194099426
61.8231277466
62.4268455505
63.0189552307
63.6226730347
64.2263946533
64.8185043335
65.4222183228
66.0259399414
66.6296615601
67.2217712402
67.8254852295
68.4175949097
69.0213165283
69.6250305176
70.2171401978
70.8208618164
71.4245758057
72.0166854858
72.6204071045
73.2241287231
73.8162307739
74.4199523926
75.0236740112
75.6273880005
76.2194976807
76.8232192993
77.426940918
78.0190429688
78.6227645874
79.2264862061
79.8185958862
80.4223098755
81.0260314941
81.6181411743
82.2218551636
82.8255767822
83.4176864624
84.0214080811
84.6251220703
85.2172317505
85.8209533691
86.4246673584
87.0167770386
87.6204986572
88.2242126465
88.8163223267
89.4200439453
90.023765564
90.6158676147
91.2195892334
91.8233108521
92.4154205322
93.0191345215
93.6228561401
94.2149658203
94.8186798096
95.4224014282
96.0261230469
96.6182327271
97.2219467163
97.825668335
98.4177780151
99.0214920044
99.625213623
100.217323303
100.821044922
101.424758911
102.016868591
102.62059021
103.224304199
103.816413879
104.420135498
105.023849487
105.615959167
106.219680786
106.823402405
107.415504456
108.019226074
108.622947693
109.215057373
109.818771362
110.422492981
111.0262146
111.61831665
112.222038269
112.825759888
113.417869568
114.021583557
114.625305176
115.217414856
115.821128845
116.424850464
117.016960144
117.620681763
118.224395752
118.816505432
119.420227051
120.02394104
120.627662659
121.219772339
121.823486328
122.427207947
123.019317627
123.623039246
124.226753235
124.818862915
125.422584534
126.026298523
126.618408203
127.222129822
127.82585144
128.417953491
129.021682739
129.625396729
130.240722656
130.844436646
131.448165894
132.051879883
132.655593872
133.2709198
133.886260986
134.501586914