0.487619042397
0.975238084793
1.47446703911
1.97369611263
2.48453521729
2.97215414047
3.47138309479
3.97061228752
4.48145103455
4.96907043457
5.47990942001
5.9675283432
6.47836732864
6.96598625183
7.47682523727
7.96444416046
8.47528362274
8.96290206909
9.47374153137
9.97297000885
10.47219944
10.95981884
11.4706573486
11.9814968109
12.4691152573
12.9799547195
13.4675731659
13.9784126282
14.4776411057
14.9652605057
15.4644899368
15.9753284454
16.4861679077
16.9737873077
17.4846248627
17.9722442627
18.483083725
18.970703125
19.4699325562
19.96916008
20.4799995422
20.9676189423
21.4668483734
21.9660758972
22.4769153595
22.9645347595
23.4753742218
23.974603653
24.4738311768
24.984670639
25.4722900391
25.9831295013
26.470746994
26.958366394
27.4575958252
27.9684352875
28.4676647186
28.9785022736
29.4661216736
29.9769611359
30.4878005981
30.9754180908
31.4630374908
31.9738769531
32.4847145081
32.9723358154
33.4831733704
33.9707946777
34.4816322327
34.9692497253
35.480091095
35.9677085876
36.4785499573
36.96616745
37.4653968811
37.9646263123
38.4754638672
38.9630813599
39.4739227295
39.9731521606
40.4723815918
40.9832191467
41.4708366394
41.981678009
42.4692955017
42.9569168091
43.467754364
43.9785919189
44.4778213501
44.9770507812
45.4646720886
45.9755096436
46.4863471985
46.9739685059
47.4615859985
47.9492073059
48.4600448608
48.9476623535
49.4585037231
49.9577331543
50.4569587708
50.9561882019
51.4554176331
51.9662590027
52.4538764954
52.9647140503
53.4523353577
53.9631729126
54.4624023438
54.9616317749
55.4608612061
55.9600906372
56.4709281921
56.9701576233
57.4693870544
