0.592108845711
1.19582760334
1.78793644905
2.39165520668
2.9837641716
3.58748292923
4.19120168686
4.78331041336
5.38702917099
5.99074840546
6.59446716309
7.18657588959
7.79029464722
8.39401340485
8.98612213135
9.58984088898
10.1935596466
10.7856683731
11.3893871307
11.9931058884
12.5968255997
13.1889343262
13.7926530838
14.3963718414
14.9884805679
15.5921993256
16.1959171295
16.7880268097
17.391746521
17.995464325
18.5875740051
19.1912918091
19.7834014893
20.3871192932
20.9908390045
21.5945568085
22.1866664886
22.7903842926
23.3941040039
23.9862117767
24.589931488
25.1936511993
25.7857589722
26.3894786835
26.9931964874
27.5969161987
28.1890239716
28.7927436829
29.3964614868
29.988571167
30.5922889709
31.1960086823
31.7881164551
32.391834259
32.9955558777
33.5876655579
34.1913833618
34.7951011658
35.3872108459
35.9909286499
36.5830383301
37.186756134
37.790473938
38.3941955566
38.9863014221
39.5900230408
40.1937408447
40.7858505249
41.3895683289
41.9932861328
42.585395813
43.1891136169
43.7928352356
44.3965530396
44.9886627197
45.5923805237
46.1844902039
46.7882080078
47.3919258118
47.9956436157
48.5877532959
49.1914749146
49.7951927185
50.3873023987
50.9910202026
51.5831298828
52.1868476868
52.7905654907
53.3942832947
53.9863929749
54.5901107788
55.1938323975
55.7859382629
56.3896598816
56.9933776855
57.643535614
58.2704734802
58.9206352234
59.5707931519
60.2209510803