0.510838985443
1.02167797089
1.52090704441
2.02013611794
2.51936507225
3.01859402657
3.51782298088
4.01705217361
4.52789115906
5.02712011337
5.52634906769
6.025578022
6.52480697632
7.02403593063
7.53487491608
8.0224943161
8.52172279358
9.02095222473
9.52018165588
10.0194101334
10.5186395645
11.017868042
11.5170974731
12.0163259506
12.5155553818
13.0147848129
13.5256233215
14.0248527527
14.5240812302
15.0233106613
15.5225391388
16.0217685699
16.5209980011
17.0202255249
17.5194549561
18.0186843872
18.5179138184
19.0171432495
19.5163707733
20.0156002045
20.5264396667
21.0256690979
21.5248966217
22.0241260529
22.523355484
23.0225849152
23.5218143463
24.0210418701
24.5202713013
25.0195007324
25.5187301636
26.0179595947
26.5171871185
27.0164165497
27.5156459808
28.014875412
28.5257129669
29.0249423981
29.5241718292
30.0234012604
30.5226306915
31.0218582153
31.5210876465
32.0203170776
32.5195465088
33.0187759399
33.5180053711
34.0172348022
34.5164604187
35.0156898499
35.514919281
36.0141487122
36.5249862671
37.0242156982
37.5234451294
38.0226745605
38.5219039917
39.0211334229
39.520362854
40.0195922852
40.5188217163
41.0180473328
41.5172767639
42.0165061951
42.5157356262
43.0149650574
43.5141944885
44.0134239197
44.5242614746
45.0234909058
45.5227203369
46.0219497681
46.5211791992
47.0204086304
47.4964179993
47.9840354919
48.4716529846
48.959274292
49.4701118469
49.9925613403
50.5150108337
51.0258483887
51.5250778198
52.024307251
52.5351448059
53.0459861755
