0.510838985443
1.01006805897
1.50929701328
2.02013611794
2.51936507225
3.01859402657
3.51782298088
4.01705217361
4.51628112793
5.01551008224
5.52634906769
6.025578022
6.52480697632
7.02403593063
7.52326536179
8.0224943161
8.52172279358
9.02095222473
9.50857162476
10.0194101334
10.5186395645
11.017868042
11.5287075043
12.0163259506
12.5155553818
13.0147848129
13.5256233215
14.0248527527
14.5240812302
15.0233106613
15.5225391388
16.0217685699
16.5209980011
17.0202255249
17.5078449249
18.0186843872
18.5179138184
19.0171432495
19.5163707733
20.0156002045
20.5264396667
21.0256690979
21.5248966217
22.0241260529
22.523355484
23.0225849152
23.5218143463
24.0210418701
24.5202713013
25.0078907013
25.5071201324
26.0179595947
26.5171871185
27.0164165497
27.5156459808
28.014875412
28.5257129669
29.0249423981
29.5241718292
30.0234012604
30.5226306915
31.0218582153
31.5210876465
32.0203170776
32.5311546326
33.0187759399
33.5063934326
34.0172348022
34.5164604187
35.0156898499
35.5265312195
36.0141487122
36.5249862671
37.0242156982
37.5234451294
38.0226745605
38.5219039917
39.0211334229
39.520362854
40.0195922852
40.5304298401
41.0180473328
41.5056686401
42.0165061951
42.5157356262
43.0149650574
43.5258026123
44.0134239197
44.5242614746
45.0234909058
45.5343284607
46.0219497681
46.5211791992
47.0204086304
47.5196380615
48.018863678
48.5297050476
49.0173225403
49.5049438477
50.0157814026
50.5150108337
51.0142402649
51.5250778198
52.024307251
52.5235366821
53.0227661133
53.5336036682
54.0212249756
54.5204544067
55.0196800232
55.5189094543
56.0181388855
56.5289802551
57.0165977478
57.5042152405
58.0150566101
58.525894165
59.0251235962
59.5243530273
60.0235824585
60.5228118896
61.0220413208
61.5328788757
62.0204963684
62.5197257996
63.0189552307
63.5181846619
64.0174102783
64.5282516479
65.0158691406
65.5034942627
66.0143280029
66.5251693726
67.0243988037
67.5236282349
68.022857666
68.5220870972
69.0213165283
69.5321502686
70.0197753906
70.5189971924
71.0182266235
71.5174560547
72.0166854858
72.5275268555
73.0151443481
73.5027618408
74.0136032104
74.5244445801
75.0236740112
75.5229034424
76.0221328735
76.5213623047
77.0205917358
77.5314254761
78.0190429688
78.5182723999
79.0175018311
79.5167312622
80.0159606934
80.526802063
81.0144195557
81.5136489868
82.0244903564
82.5237197876
83.0229492188
83.5221786499
84.0214080811
84.5206298828
85.019859314
85.5307006836
86.0183181763
86.5175476074
87.0167770386
87.5160064697
88.0152359009
88.5260772705
89.0136947632
89.5129241943
90.023765564
90.5229949951
91.0222167969
91.521446228
92.0206756592
92.5199050903
93.0191345215
93.5299758911
94.0175933838
94.5168228149
95.0160522461
95.5152816772
96.0145111084
96.525352478
97.0129699707
97.5121994019
98.0230331421
98.5222625732
99.0214920044
99.5207214355
100.019950867
100.519180298
101.018409729
101.51763916
102.016868591
102.516098022
103.015327454
103.514556885
104.013786316
104.524627686
105.012245178
105.511474609
106.02230835
106.521537781
107.020767212
107.519996643
108.019226074
108.518455505
109.017684937
109.528526306
110.016143799
110.51537323
111.014602661
111.513832092
112.013061523
112.523895264
113.011520386
113.510749817
114.021583557
114.520812988
115.020042419
115.519271851
116.018501282
116.517730713
117.016960144
117.527801514
118.015419006
118.526252747
119.025482178
119.524711609
120.02394104
120.523170471
121.022399902
121.510017395
122.020858765
122.520088196
123.019317627
123.518547058
124.017776489
124.528617859
125.016235352
125.527069092
126.026298523
126.525527954
127.024757385
127.523986816
128.023223877
128.522445679
129.021682739
129.509292603
130.020126343
130.519363403
131.018585205
131.517822266
132.017044067
132.516281128
133.01550293
133.526351929
134.02557373
134.524810791
135.024032593
135.523269653
136.022491455
136.521713257
137.020950317
137.508575439
138.01940918
138.518630981
139.017868042
139.528701782
140.016326904
140.515548706
141.014785767
141.525619507
142.024856567
142.524078369
143.02331543
143.522537231
144.021759033
144.520996094
145.020217896
145.507843018
146.018676758
146.517913818
147.01713562
147.516372681
148.015594482
148.526443481
149.025665283
149.524902344
150.024124146
150.523345947
151.022583008
151.52180481
152.02104187
152.53187561
153.019500732
153.507110596
154.017959595
154.517181396
155.016418457
155.515640259
156.014877319
156.52571106
157.024932861
157.524169922
158.023391724
158.522628784
159.021850586
159.521087646
160.020309448
160.531158447
161.018768311
161.506393433
162.017227173
162.516464233
163.015686035
163.514923096
164.014144897
164.524978638
165.024215698
165.5234375
166.022674561
166.521896362
167.021133423
167.520355225
168.019592285
168.530426025
169.018051147
169.505661011
170.01651001
170.515731812
171.014968872
171.525802612
172.013427734
172.524261475
173.023483276
173.534332275
174.021942139
174.521179199
175.020401001
175.519638062
176.018859863
176.529708862