0.49922901392
0.99845802784
1.52090704441
2.02013611794
2.53097510338
3.01859402657
3.52943301201
4.02866220474
4.52789115906
5.02712011337
5.52634906769
6.025578022
6.51319694519
7.01242637634
7.52326536179
8.0224943161
8.51011276245
9.0093421936
9.52018165588
10.0194101334
10.5186395645
11.017868042
11.5287075043
12.0279359818
12.5271654129
13.0380039215
13.5256233215
14.0132427216
14.512471199
15.0117006302
15.5225391388
16.0217685699
16.5209980011
17.0086174011
17.5194549561
18.0186843872
18.5179138184
19.0171432495
19.5279808044
20.0272102356
20.5264396667
21.0256690979
21.5248966217
22.0241260529
22.5117454529
23.010974884
23.5218143463
24.0210418701
24.5202713013
25.0078907013
25.5187301636
26.0295696259
26.5287971497
27.0164165497
27.527256012
28.0264854431
28.5257129669
29.0365524292
29.5357818604
30.0234012604
30.5110206604
31.0102481842
31.5210876465
32.0203170776
32.5195465088
33.0071640015
33.5180053711
34.0172348022
34.5164604187
35.0156898499
35.5265312195
36.0257606506
36.5249862671
37.0358276367
37.5234451294
38.0226745605
38.5219039917
39.0095214844
39.520362854
40.0195922852
40.5072097778
41.006439209
41.5172767639
42.0165061951
42.5157356262
43.0149650574
43.5258026123
44.0250320435
44.5358734131
45.0351028442
45.5343284607
46.0219497681
46.5095672607
47.0087966919
47.5196380615
48.018863678
48.5180931091
49.0057144165
49.5281639099
50.0273895264
50.5266189575
51.0142402649
51.5250778198
52.024307251
52.5235366821
53.0343742371
53.5336036682
54.0212249756
54.5088424683
55.0080718994
55.5189094543
56.0181388855
56.5057601929
57.0049858093
57.515827179
58.0150566101
58.5142860413
59.0135154724
59.5243530273
60.0351905823
60.5344200134
61.0336494446
61.5328788757
62.0321083069
62.5197257996
63.0073471069
63.5181846619
64.0174102783
64.5166397095
65.0042648315
65.5150985718
66.0259399414
66.5251693726
67.0127868652
67.5236282349
68.022857666
68.5220870972
69.0329208374
69.5321502686
70.0197753906
70.5073928833
71.0066223145
71.5290679932
72.0282974243
72.515914917
73.0035324097
73.5143737793
74.0136032104
74.5128326416
75.0120620728
75.5229034424
76.0221328735
76.5329666138
77.0321960449
77.5314254761
78.0306549072
78.5182723999
79.005897522
79.5167312622
80.0159606934
80.5151901245
81.0028076172
81.5252609253
82.0244903564
82.5237197876
83.0229492188
83.533782959
84.0330123901
84.5322418213
85.0314712524
85.5307006836
86.0183181763
86.5059356689
87.0051651001
87.5276184082
88.0268478394
88.514465332
89.0020828247
89.5129241943
90.023765564
90.5229949951
91.0222167969
91.5330581665
92.0322875977
92.5315170288
93.03074646
93.5299758911
94.0175933838
94.5052108765
95.0044403076
95.5268936157
96.0261230469
96.5137405396
97.0013580322
97.5238113403
98.0230331421
98.5222625732
99.0214920044
99.532333374
100.031562805
100.530792236
101.030021667
101.529251099
102.02848053
102.516098022
103.003715515
103.514556885
104.013786316
104.513015747
105.00063324
105.523078918
106.033920288
106.533149719
107.020767212
107.531608582
108.030838013
108.530067444
109.029296875
109.528526306
110.027755737
110.51537323
111.002990723
111.513832092
112.013061523
112.500679016
112.999908447
113.522354126
114.021583557
114.520812988
115.020042419
115.530883789
116.03011322
116.529342651
117.028572083
117.527801514
118.027030945
118.514648438
119.00226593
119.5131073
120.02394104
120.511566162
120.999183655
121.510017395
122.020858765
122.520088196
123.019317627
123.530158997
124.029388428
124.528617859
125.02784729
125.527069092
126.026298523
126.513923645
127.001541138
127.512374878
128.011611938
128.51083374
128.998458862
129.520904541
130.020126343
130.530975342
131.018585205
131.529434204
132.028656006
132.527893066
133.027114868
133.526351929
134.02557373
134.513198853
135.012420654
135.523269653
136.022491455
136.510116577
137.009338379
137.520172119
138.01940918
138.518630981
139.017868042
139.528701782
140.027938843
140.527160645
141.037994385
141.525619507
142.013244629
142.512466431
143.011703491
143.522537231
144.021759033
144.520996094
145.008621216
145.519454956
146.018676758
146.517913818
147.01713562
147.527984619
148.027206421
148.526443481
149.025665283
149.524902344
150.024124146
150.511749268
151.010971069
151.52180481
152.02104187
152.520263672
153.007888794
153.518722534
154.029571533
154.528793335
155.016418457
155.527252197
156.026489258
156.52571106
157.0365448
157.53578186
158.023391724
158.511016846
159.010253906
159.521087646
160.020309448
160.519546509
161.007156372
161.518005371
162.028839111
162.528076172
163.015686035
163.526535034
164.025756836
164.524978638
165.035827637
165.5234375
166.022674561
166.521896362
167.009521484
167.520355225
168.019592285
168.507202148
169.006439209
169.517272949
170.028121948
170.52734375
171.014968872
171.525802612
172.025024414
172.535873413
173.035095215
173.534332275
174.021942139
174.509567261
175.008789062
175.519638062
176.007247925
176.506484985