0.49922901392
0.99845802784
1.50929701328
1.99691605568
2.50775504112
3.00698399544
3.50621318817
4.00544214249
4.5046710968
5.00390005112
5.50312900543
6.00235795975
6.5015873909
7.00081634521
7.50004529953
7.99927425385
8.498503685
9.0093421936
9.49696159363
10.0078001022
10.4954195023
11.0062580109
11.505487442
12.0047159195
12.5039453506
13.0031747818
13.5024032593
14.0016326904
14.5008611679
15.0000905991
15.4993190765
15.9985485077
16.50938797
16.99700737
17.5078449249
18.0070743561
18.5063037872
19.0055332184
19.5047607422
20.0039901733
20.5032196045
21.0024490356
21.5016784668
22.0009059906
22.5001354218
22.9993648529
23.4985942841
24.009431839
24.497051239
25.0078907013
25.4955101013
26.0063495636
26.5055770874
27.0048065186
27.5040359497
28.0032653809
28.5024929047
29.0017223358
29.500951767
30.0001811981
30.4994106293
30.9986381531
31.5094776154
31.9970970154
32.5079345703
32.9955558777
33.5063934326
34.0056228638
34.5048522949
35.0040817261
35.5033111572
36.0025405884
36.5017662048
37.000995636
37.5002250671
37.9994544983
38.4986839294
39.0095214844
39.4971427917
40.0079803467
40.4956016541
41.006439209
41.5056686401
42.0048980713
42.5041275024
43.0033569336
43.50258255
44.0018119812
44.5010414124
45.0002708435
45.4995002747
45.9987297058
46.5095672607
46.9971885681
47.508026123
47.9956436157
48.5064849854
49.0057144165
49.5049438477
50.0041732788
50.5033988953
51.0026283264
51.5018577576
52.0010871887
52.5003166199
52.999546051
53.4987754822
54.0096130371
54.4972343445
55.0080718994
55.4956893921
56.0065307617
56.5057601929
57.0049858093
57.5042152405
58.0034446716
58.5026741028
59.0019035339
59.5011329651
60.0003623962
60.4995918274
60.9988212585
61.498046875
61.9972763062
62.5081176758
62.9957351685
63.5065765381
64.0058059692
64.5050354004
65.0042648315
65.5034942627
66.0027160645
66.5019454956
67.0011749268
67.5004043579
67.9996337891
68.4988632202
68.9980926514
69.4973220825
70.0081634521
70.4957809448
71.0066223145
71.5058517456
72.0050811768
72.5043106079
73.0035324097
73.5027618408
74.001991272
74.5012207031
75.0004501343
75.4996795654
75.9989089966
76.5097503662
76.9973678589
77.5082092285
78.0074386597
78.5066680908
79.005897522
79.5051269531
80.0043487549
80.503578186
81.0028076172
81.5020370483
82.0012664795
82.5004959106
82.9997253418
83.4989547729
84.0097961426
84.4974136353
85.0082550049
85.4958724976
86.0067138672
86.5059356689
87.0051651001
87.5043945312
88.0036239624
88.5028533936
89.0020828247
89.5013122559
90.000541687
90.4997711182
90.9990005493
91.4982299805
91.9974594116
92.5083007812
92.9959182739
93.5067520142
94.0059814453
94.5052108765
95.0044403076
95.5036697388
96.0028991699
96.5021286011
97.0013580322
97.5005874634
98.011428833
98.4990463257
98.9982757568
99.497505188
100.008346558
100.49596405
101.006797791
101.506027222
102.005256653
102.504486084
103.003715515
103.502944946
104.002174377
104.501403809
105.00063324
105.499862671
105.999092102
106.509933472
106.997550964
107.508384705
107.996009827
108.506843567
109.006072998
109.505302429
110.00453186
110.503761292
111.002990723
111.502220154
112.001449585
112.500679016
112.999908447
113.499137878
114.009971619
114.497596741
115.008430481
115.496055603
116.006889343
116.506118774
117.005348206
117.504577637
118.003807068
118.503036499
119.00226593
119.501495361
120.000724792
120.499954224
120.999183655
121.498413086
121.997642517
122.508476257
122.99609375
123.50693512
123.994552612
124.505393982
125.004623413
125.503852844
126.003082275
126.502311707
127.001541138
127.500770569
128.0
128.499221802
128.998458862
129.497680664
130.008529663
130.496139526
131.006988525
131.494598389
132.005432129
132.493057251
133.003890991
133.503128052
134.002349854
134.501586914
135.000808716
135.500045776
135.999267578
136.498504639
136.99772644
137.508575439
137.996185303
138.507034302
138.994644165
139.505477905
140.004714966
140.503936768
141.003173828
141.50239563
142.00163269
142.500854492
143.000091553
143.499313354
143.998550415
144.497772217
145.008621216
145.496231079
146.007064819
146.494689941
147.005523682
147.504760742
148.003982544
148.503219604
149.002441406
149.501678467
150.000900269
150.500137329
150.999359131
151.498596191
151.997817993
152.508651733
152.996276855
153.507110596
154.006347656
154.505569458
155.004806519
155.50402832
156.003265381
156.502487183
157.001724243
157.500946045
158.000183105
158.499404907
158.998641968
159.49786377
160.00869751
160.496322632
161.007156372
161.494781494
162.005615234
162.504852295
163.004074097
163.503311157
164.002532959
164.50177002
165.000991821
165.500228882
165.999450684
166.498687744
166.997909546
167.497146606
167.996368408
168.507202148
168.994827271
169.505661011
170.004898071
170.504119873
171.003356934
171.502578735
172.001815796
172.501037598
173.000274658
173.49949646
173.998733521
174.497955322
175.008789062
175.496414185
175.984039307
176.483261108