0.986848056316
1.98530614376
2.99537420273
3.99383211136
4.99229001999
5.99074840546
6.98920631409
7.98766422272
8.98612213135
9.99619007111
10.9946479797
11.9931058884
12.9915647507
13.9900226593
14.9884805679
15.9869384766
16.9853973389
17.9838542938
18.9939231873
19.9923801422
20.9908390045
21.9892959595
22.9877548218
23.9862117767
24.984670639
25.9947395325
26.9931964874
27.9916553497
28.9901123047
29.988571167
30.9870281219
31.9854869843
32.9955558777
33.99401474
34.9924697876
35.9909286499
36.9893875122
37.9878463745
38.9863014221
39.9847602844
40.9948310852
41.9932861328
42.9917449951
43.9902038574
44.9886627197
45.9871177673
46.9855766296
47.9956436157
48.994102478
49.9925613403
50.9910202026
51.9894790649
52.9879341125
53.9863929749
54.9848518372
55.9949188232
56.9933776855
57.9918365479
58.9902954102
59.9887504578
60.9872093201
61.9856681824
62.9957351685
63.9941940308
64.9926528931
65.9911117554
66.9895706177
67.98802948
68.9864807129
69.9849395752
70.995010376
71.9934692383
72.9919281006
73.9903869629
74.9888458252
75.9872970581
76.9857559204
77.9958267212
78.9942855835
79.9927444458
80.9912033081
81.9896621704
82.9881134033
83.9865722656
84.9850311279
85.9951019287
86.993560791
87.9920196533
88.9904708862
89.9889297485
90.9873886108
91.9858474731
92.9959182739
93.9943771362
94.9928359985
95.9912872314
96.9897460938
97.9882049561
98.9866638184
99.9851226807
100.995193481
101.993652344
102.992103577
103.990562439
104.989021301
105.987480164
106.985939026
107.996009827
108.994468689
109.992919922
110.991378784
111.989837646
112.988296509
113.986755371
114.985214233
115.995285034
116.993736267
117.992195129
118.990653992
119.989112854
120.987571716
121.986030579
122.99609375
123.994552612
124.993011475
125.991470337
126.989929199
127.988388062
128.986846924
129.985305786
130.995376587
131.993835449
132.992294312
133.990753174
134.989196777
135.98765564
136.986114502
137.996185303
138.994644165
139.993103027
140.99156189
141.990020752
142.988479614
143.986938477
144.985397339
145.983856201
146.993927002
147.992385864
148.990829468
149.98928833
150.987747192
151.986206055
152.984664917
153.994735718
154.99319458
155.991653442
156.990112305
157.988571167
158.987030029
159.985488892
160.995559692
161.994003296
162.992462158
163.990921021
164.989379883
165.987838745
166.986297607
167.98475647
168.994827271
169.993286133
170.991744995
171.990203857
172.98866272
173.987121582
174.985580444
175.972427368